function [P,S,F,SC] = Data

% number of higher, upper middle, lower middle and lower class population
P=[200000 270000 270000 180000]';
% salary of each type of chef
S=[300000 200000 135000 90000 72000 45000]';
% avg spending from each type of customer at each restaurant
F=[1000 400 300 150]';
% serving capacity
SC=[1400 1200 900 2700 1800 900]';